2495
6506
2406
2473
4069
3254
3100
3952
2908
3479
4463
3654
3788
7077
3602
3816
4325
4461
4305
5030
4587
4549
5668
4509
5103
7678
4467
4782
5186
4637
5020
5262
4417
4751
5311
4999
4615
7802
4068
3823
5398
3722
4650
4977
4594
4468
5608
4621
4446
7922
4302
4485
6018
5231
4608
5802
4030
4484
6206
4186
4613
8061
4339
4200
5799
3792
4340
5909
4927
4900
6255
4502
4337
8025
4670
4241
5129
2985
3696
5449
3525
3594
5393
4581
4404
8077
4081
4418
5770
4163
4511
5665
4475
4522
5442
4351
3601
7913
4308
4316
5334
3076
3850
5431
4209
4142
4969
4291
4122
7762
4262
3768
5123
3808
4216
5161
2614
2902
4746
3639
3418
7797
2942
3045
5257
2642
2642
5062
2645
2805
4596
3091
2827
7769
3333
3339
5404
3377
3748
4896
3178
2871
4521
2942
2665
7767
2690
2902
4323
3220
2967
4279
2720
2713
4822
3261
3435
7808
2803
2714
4578
2997
3291
4216
4883
3910
9602
3039
2959
8450
3132
3164
4679
3560
3626
4592
3236
3083
4561
2900
3017
8662
3045
3281
4829
3236
3332
4768
3540
3754
4873
3717
3894
8339
3902
3838
5613
4088
3913
5407
3834
3437
5161
3430
3174
8170
3299
3490
4755
3715
3773
5176
3740
3850
5650
3761
3828
7984
3594
3378
4858
2844
2963
4696
2789
2923
4218
3060
2815
8141
2396
2561
3886
2929
3018
4060
3084
2794
4270
2581
2611
8161
2454
2472
3926
2783
2479
4121
3783
3375
5209
3210
3023
8202
3064
2977
4584
2717
2983
4872
2856
2635
4624
2935
2825
8269
2129
2235
4240
2487
2617
4203
3443
5407
9549
2263
2614
7789
2595
2457
2879
2442
2742
3483
2950
2942
4496
3163
3024
7829
2773
2781
4996
2938
3098
5018
3272
2903
4387
2633
2911
7861
2552
2508
3587
3200
2570
4001
2511
2579
4114
2352
2758
7984
3013
2693
3520
2059
2025
3542
1966
1844
3244
2447
2103
7884
2156
2271
4360
2790
2571
2801
1978
1888
3288
2081
1935
7874
2275
2313
3157
2183
2481
2897
1948
2241
3623
2775
3012
7875
2027
2242
3874
2595
3014
4016
2772
2587
3823
2635
2841
8031
2639
3043
4097
3414
3015
4045
2623
3229
3860
3120
3077
8053
2436
2614
3560
1987
1996
3344
2011
2004
3072
2087
2065
8034
2139
2192
4574
2560
2432
3537
2262
2188
3150
1650
1622
8212
1869
1750
3182
2533
2644
3232
2261
1933
3877
2277
2932
8197
2117
1748
3364
1834
1784
3320
1857
1913
3266
1800
1739
8253
2327
2309
4949
2323
2876
3314
2135
2242
4269
1901
1999
8367
2165
2267
3221
2132
2224
3311
2035
2137
3196
3078
2890
8317
2224
2129
3972
2205
2755
4050
2347
2686
4125
2049
1953
8281
1989
2240
3734
3080
3421
3423
2953
2491
4206
2460
3068
8287
2604
2380
3771
2490
2326
3832
2671
3151
4057
3298
3299
8298
2831
2425
4535
2586
3263
4256
2140
2279
3427
4107
3319
8391
2590
2730
4849
3594
3748
4993
3801
3382
5335
3460
3470
8472
2974
2912
4936
2586
2902
4795
3011
3030
5010
4076
3934
8447
3733
3904
5585
4494
4430
6209
4215
4721
6092
4814
4891
8048
4552
4626
5711
4428
4298
6017
4565
4640
5385
4325
4818
8045
5028
4606
4877
4838
4342
5024
4894
4654
4919
4583
4782
7953
4727
4811
5288
4664
4246
5581
4193
4667
5752
4161
4040
8103
4096
4171
5997
4778
5001
5456
4820
4740
6404
5208
5324
8185
5334
5090
6518
5159
5075
6918
4904
5094
6340
4896
4995
8105
4686
4789
6079
4986
4742
6360
4924
5039
6396
4657
4614
7985
4713
4686
6091
4708
4558
6069
4533
4310
6117
4254
4177
7621
4132
4349
5633
4058
4385
5426
4215
4201
5103
3802
3855
7130
3743
3971
5181
3998
3879
5130
3858
4024
5048
3881
3992
7213
3837
4125
5060
4181
4602
5388
4804
4977
5755
4049
4238
7174
3901
4042
4646
4272
4077
5243
3982
3829
4670
4508
4508
6821
3932
3821
5025
4021
3861
5505
3531
3800
4946
3378
3451
7286
3387
3388
4404
3176
3039
3780
3176
2982
4679
2754
2625
7114
2367
2366
7773
2023
2007
2951
2089
2191
3068
2167
2286
7277
2363
2415
3941
2790
2937
4005
2602
2733
3978
2498
2297
7180
2222
2233
3678
1984
2045
3202
1897
1914
2907
1787
1701
7370
1845
1949
3136
2178
2177
3183
2107
2067
3517
1880
2035
7252
1642
1785
3002
1969
2057
3122
2316
2585
3477
2357
2633
7257
2516
2654
4033
2769
2961
4581
2906
3086
3883
2885
2928
7551
3056
2572
9961
2708
2844
4014
2861
2442
4235
2430
2716
8288
2344
2173
3261
2059
1908
2862
1899
2133
2996
2448
2182
8216
2619
2459
4169
2615
3068
3909
2540
2545
3863
2491
2344
8107
1742
2076
2845
2056
1685
2834
1752
2014
4004
1948
3220
8130
2286
2022
3391
2041
2523
3199
2310
2584
4153
2641
2547
8086
2695
2803
3751
3048
2970
3473
3499
2671
3763
2607
2766
8047
2459
2373
3504
2702
2601
4463
2372
2855
3523
2962
2990
8065
2497
2568
4778
2292
2551
3459
2339
2083
3314
1696
1830
8015
1797
1987
3945
2456
2017
3756
1733
1736
2669
1427
2269
7910
1717
1682
2223
1422
1815
2933
1753
1930
3735
2195
1923
7984
1920
2297
3824
1933
2554
3537
2029
2049
3843
2050
2606
7946
2116
2215
3817
2705
2222
3682
1857
2244
3706
2984
2438
8119
2786
132
3231
2675
2331
3965
1932
2472
3782
2686
2340
7962
2111
2260
3911
2762
2974
3778
2460
2332
3663
1713
1687
7981
1720
1951
2681
2379
2127
3211
2231
2139
4354
2365
2056
7914
1812
2178
3024
1869
1944
3963
2321
2464
4649
1905
1931
7964
2046
2498
3710
2578
2488
4567
2432
2462
4640
2002
2032
7904
1995
2087
3925
2056
2354
4360
1926
2159
3952
2198
1922
7973
1828
1842
3355
2536
2777
4053
2049
2190
4233
1873
1753
7843
2000
2073
4252
2230
2164
3883
2593
2573
4744
2023
2398
7773
2032
1890
3384
1796
1895
3987
1918
2172
4047
2083
1982
7636
2061
2258
3773
2366
2556
4547
2679
2871
4392
1810
1789
7706
2107
2235
4254
2082
1927
3785
1938
1859
4087
2381
2402
7560
1992
2233
3902
2426
2188
4122
2139
1916
3658
2071
2057
7440
1942
2000
3765
1941
2290
3735
2055
1989
3949
1982
2438
7475
1868
1826
3809
1835
1833
3901
2227
2398
4211
2400
2488
7371
2042
2019
3645
2830
2203
3873
2315
2603
3957
1513
1563
7383
1662
1726
3509
1818
1945
3736
2183
2269
3943
2141
2417
7282
1889
1876
3636
2564
2256
3745
2385
2221
3906
1778
1652
7066
1859
1968
3380
1694
1902
3342
2218
2042
3753
2300
2259
6965
2306
2534
3854
2567
2717
3950
2994
2896
4468
2700
3117
7196
3157
3555
4852
3581
3632
3980
3414
3403
4350
3258
3163
6996
3161
3181
4122
2900
3066
4118
2341
2459
3778
2459
2352
6845
2390
2232
3160
2184
2247
3479
2173
2287
3862
2724
2933
6302
1473
1548
3211
1394
2052
2363
1520
1238
2138
1184
1096
6336
1319
1515
1951
1718
1587
1990
1347
1510
2122
1273
1251
6275
1560
1516
2119
1365
1333
1890
1282
1352
2053
1805
1303
6348
1348
1373
2366
1528
1468
1952
1343
1336
2656
1257
1235
6243
1541
1502
2064
1654
1909
2559
1909
1937
3352
2278
2221
6048
1798
1835
3026
1729
1933
2783
1936
1854
2386
1482
1466
5857
1471
1685
2342
2114
1860
2389
1486
1869
2347
1524
1311
5254
1201
1224
1620
1089
1077
1366
1017
1102
1408
1101
997
5226
1222
1188
1757
1241
1320
1537
1172
1191
1716
1047
935
5378
1137
1343
1795
1075
1119
1650
1059
1044
1574
954
1013
5301
1284
1110
1474
1081
1120
1567
1087
1032
1267
986
877
5340
1153
1274
1522
1409
1354
1423
1078
1115
1471
947
960
5302
1165
1181
1498
1024
1159
1319
1040
1039
1189
1095
1032
5275
1095
1035
1500
976
1096
1190
1197
1300
1531
1338
1223
5268
1282
1252
1945
1121
1180
1619
1235
1044
1357
907
1170
5234
1113
1133
1600
1036
1048
1496
981
1074
1228
902
933
5235
1277
1112
1798
1010
1220
1346
994
983
1549
852
873
5320
1067
1093
1417
1090
1115
1232
1016
972
1357
920
1015
5294
1186
1019
1464
2999
2438
6965
2119
2198
3882
2437
2305
6550
2456
2486
3769
2184
2182
3396
2105
2095
3134
1876
1963
6910
1588
1654
2759
2050
2420
2770
1959
2020
2963
2110
2062
6990
2357
1889
2876
1421
1741
2199
1661
1558
2135
1381
1489
6936
1707
1952
2820
2072
2006
3169
1987
1945
3453
1407
1452
6955
1896
1664
2568
1637
1435
2347
2179
1928
2299
1947
1570
6970
1714
1696
2606
1399
1733
2622
1465
1480
2064
1226
1218
6903
1344
1398
2159
1477
1686
2277
1623
1699
2342
5842
3601
8954
3826
4206
6125
3376
3494
5935
3852
3864
6052
3467
3046
8703
2944
3190
5499
3318
3278
4412
3446
3189
4206
2956
3445
8380
3307
3310
4207
3118
3036
4606
2807
3038
4420
3596
3651
7677
3092
3140
4663
2948
3006
4073
2741
2779
4264
2706
2720
7057
2671
2791
4121
2931
2589
3972
2750
2696
3933
2139
2206
6667
2213
2207
3399
2216
2450
3780
2216
2520
3892
2749
2648
6651
2426
2160
3611
2306
2235
3432
1995
1968
3351
2685
3342
7278
2462
2525
3830
2488
2755
4012
2846
2946
4378
2796
2989
7239
2909
2907
4223
2850
2928
4326
2792
2973
3943
2859
2899
7181
2397
2391
3741
2712
2500
4062
2500
2795
4122
2174
2210
6972
2657
2899
4390
2429
2609
3761
2834
3043
4441
2067
2172
6976
2348
2642
4049
2690
2598
4295
1914
2014
3272
3119
3119
7043
1715
2039
3019
2480
2066
3647
1973
2198
3861
2138
2057
7131
1897
1978
3430
1944
1995
3886
1652
1593
2905
1696
2243
7153
1756
1712
3156
1501
1829
2752
1583
1617
2926
1419
1702
7079
1618
1604
3146
1733
1745
2399
2324
1485
2458
2412
2335
6897
1755
1500
2153
1381
1392
2010
1432
1429
2019
1419
1307
7026
1302
1551
2543
1647
1651
3144
1712
1615
3278
1362
1248
6903
1453
1428
3134
1685
1722
3253
1798
2016
3274
1505
1856
6798
1713
1643
2532
1463
1696
3310
1855
2104
3424
1840
1724
6874
1977
1989
3559
1870
2318
3365
1864
1890
3591
2060
2053
6801
1901
1869
3472
1858
1939
3476
2046
2154
3619
1862
1879
6879
1617
1711
2924
1922
1926
3349
1644
1844
2707
1723
1686
6817
1513
1559
2166
2008
1893
7178
2181
1859
2536
1694
1814
5924
1686
2017
2576
1956
1814
2493
1802
1739
2712
1868
1902
5956
1790
1842
2942
1807
1896
2727
1941
1887
3091
1914
2090
5631
2016
2007
2993
2140
2098
2931
2124
2030
3085
2062
2114
5530
2114
2138
3013
2167
2192
3161
2289
2303
3044
2180
2291
5191
2076
2091
2838
2215
2005
3026
2266
2218
3050
2239
2245
5203
1981
2088
2727
1793
1881
2815
2009
2210
2911
1979
1854
4749
1927
1939
2740
1838
1811
2394
1425
1556
2313
1373
1322
4384
1169
1290
1987
1137
1149
1870
1194
1170
2094
1093
1082
4212
1114
1288
1801
1040
1061
1761
1057
1118
1766
1008
1003
4363
812
904
1399
752
729
1270
704
698
1030
728
695
4294
763
909
1349
703
760
1327
1188
2150
7722
1660
1327
6830
1365
1431
1920
1477
1493
2288
1368
1585
2191
1644
1560
6811
1703
1698
3165
1583
1539
3287
1383
1532
2421
1344
1256
6951
1220
1481
2544
1338
1500
2852
1620
1398
2349
1074
1057
6929
1518
1659
2410
1396
1374
1945
1308
1332
2217
1378
1251
6938
1364
1596
2046
1651
1467
2708
1426
1672
1965
1486
1092
4368
750
838
1284
773
769
1160
709
812
1090
757
673
4332
782
834
1400
796
837
1427
852
807
1367
642
567
4355
750
806
1279
898
937
1366
776
801
1386
776
862
4312
839
902
1393
917
902
1374